8950
9178
227
150
7233
1208
6552
3865
2295
3540
5412
5413
7416
7851
7436
5568
9337
836
3681
8026
6648
2076
3836
39
2667
7685
6452
4804
9738
44
4884
2078
7620
4379
5986
3364
8381
5739
380
503
50
9269
5334
7592
8686
6328
3582
4856
2033
5892
1296
4293
3874
5300
8275
9981
3518
7435
187
8448
1656
3430
8611
4253
8316
7844
6434
6860
7731
9075
5123
5087
1743
7697
2509
225
8477
6520
9576
6111
5842
2377
1125
5946
636
5726
3365
200
3768
6609
8067
2828
4484
8253
274
7470
4674
3705
5015
5450
3561
9886
4707
5711
5086
3164
4751
1321
604
2867
760
3438
4290
9734
6240
5123
2214
3558
39
5178
4901
3781
5623
7924
1965
3856
913
189
1553
8472
6032
7484
6638
807
6859
9034
529
8120
4602
8536
6597
7340
4119
3365
1453
8747
7212
6611
8479
7959
